#eigvals		1.804	1.519	1.349	1.330	1.269	1.184	1.130	1.116	1.087	1.073
F2	K1	0.0157	0.0730	0.1835	0.0381	0.2046	-0.0989	-0.4021	-0.2859	0.1812	0.0506	Control
F4	K10	0.0381	-0.2806	0.1748	0.1408	-0.0621	0.2054	-0.0853	-0.0198	0.1043	0.0165	Control
F3	K11	-0.0293	0.0749	0.1695	-0.1648	0.4021	0.1810	0.0700	-0.0249	0.0621	0.0258	Control
F2	K12	-0.0662	0.0813	0.0094	0.1759	0.0742	-0.2454	0.1488	-0.2208	0.3844	0.0368	Control
F4	K13	0.1287	-0.4064	0.1855	-0.0778	-0.0897	-0.2339	-0.0310	-0.1001	-0.0217	-0.0876	Control
F1	K14	0.2009	0.2876	0.4107	0.1230	-0.1748	-0.0819	0.1621	0.0311	0.0031	0.1576	Control
F3	K15	-0.4011	0.0924	0.1658	-0.0863	-0.1286	0.0549	-0.0477	-0.0998	0.0126	-0.0428	Control
F2	K16	0.0025	-0.0077	-0.0749	0.3465	0.1149	-0.1627	0.1019	-0.0606	-0.4452	0.0894	Control
F3	K17	0.0728	-0.0053	-0.0877	-0.2084	0.2964	0.1136	0.0672	0.1224	-0.0554	0.2836	Control
F3	K18	-0.0079	-0.0779	0.0025	-0.1465	0.3067	-0.0856	0.1555	0.0606	0.0501	0.1851	Control
F2	K19	-0.0061	0.0587	-0.0999	0.2019	0.1276	0.1694	-0.0034	-0.0013	0.0560	-0.4870	Control
F2	K2	-0.0053	-0.0083	-0.0130	0.1829	0.2465	-0.1388	-0.1556	0.4335	0.1413	-0.1980	Control
F1	K20	0.2276	0.2652	0.2752	0.1334	-0.2204	-0.1034	0.2776	0.0506	0.0152	0.1971	Control
F3	K21	-0.2010	-0.0071	-0.0385	0.0168	-0.0119	0.0946	0.0572	-0.1719	-0.0602	-0.2054	Control
F3	K22	-0.2758	0.0559	-0.1409	0.0970	-0.1497	0.0154	-0.0891	0.1746	-0.0309	0.2162	Control
F4	K23	-0.0045	-0.2309	0.0511	0.2198	-0.0157	0.0751	-0.0782	-0.1961	-0.1438	0.2108	Control
F1	K24	0.0548	-0.0255	-0.2400	-0.0475	0.0797	-0.2104	-0.1975	0.0379	0.0882	0.1335	Control
F4	K25	0.1333	-0.4329	0.0781	-0.0968	-0.1184	-0.2837	0.0238	-0.0194	-0.0367	-0.0599	Control
F3	K26	-0.1367	-0.0218	0.0333	-0.2173	-0.1248	-0.1657	0.1114	0.0899	-0.1467	-0.2355	Control
F1	K27	0.0913	0.0781	-0.2826	-0.0274	-0.0285	0.0791	0.0491	0.0580	0.1385	-0.0008	Control
F4	K28	-0.0681	-0.2220	0.0769	-0.1343	-0.0349	0.1729	0.3018	0.0865	0.0478	-0.0404	Control
F1	K29	0.1431	0.0696	-0.2177	0.0174	-0.0267	-0.0480	0.1334	-0.3561	0.1235	-0.0204	Control
F4	K3	0.0522	-0.3401	0.0041	0.0890	-0.1020	0.1603	0.1105	0.2335	0.1415	0.0750	Control
F3	K30	-0.2696	0.0423	-0.0560	0.0476	-0.2067	0.1469	0.0308	-0.0225	-0.0708	0.0752	Control
F4	K31	0.0443	-0.1949	-0.0826	0.0773	-0.0959	0.2614	-0.1402	-0.0784	0.1225	0.0097	Control
F2	K32	0.0259	0.0669	-0.0723	0.1149	0.1386	0.2640	0.1535	-0.1576	0.2412	0.0503	Control
F1	K33	0.2046	0.1009	-0.1146	-0.1549	-0.1040	0.0627	-0.0373	-0.0682	-0.1110	-0.0706	Control
F3	K34	-0.1211	0.0478	-0.1937	-0.1723	-0.1347	-0.0229	-0.0420	-0.3797	-0.0745	0.0695	Control
F3	K35	-0.2103	0.0370	0.2306	-0.3063	0.1397	0.0969	0.2629	-0.0109	-0.1236	-0.1697	Control
F1	K36	0.2589	0.1684	-0.0531	-0.1541	-0.2080	0.1945	-0.0276	0.0800	-0.0237	-0.0176	Control
F3	K37	-0.1902	0.0558	-0.1197	-0.0772	-0.1789	-0.2383	-0.1076	0.0045	0.0532	0.0209	Control
F2	K38	0.0974	0.0068	-0.2365	0.1985	-0.0511	0.0339	0.1174	0.0840	-0.2573	-0.0937	Control
F1	K39	0.1847	0.0935	-0.1655	-0.1450	-0.0793	0.0393	-0.1058	0.0708	-0.1598	-0.0989	Control
F3	K4	-0.2472	0.0617	0.0321	0.0537	0.0105	0.0586	-0.1431	0.2048	-0.1812	0.2273	Control
F1	K40	0.1001	0.1030	-0.1573	-0.0964	-0.1488	-0.1505	0.0933	0.2173	0.3258	-0.1152	Control
F3	K5	0.1249	-0.0028	-0.1203	-0.2471	0.2169	-0.1278	-0.0659	0.0216	-0.1549	0.2348	Control
F3	K6	-0.2614	0.0892	0.0793	0.0126	-0.0512	-0.2224	-0.1211	0.1725	0.1629	-0.0242	Control
F2	K7	-0.0072	0.0517	-0.0173	0.3630	0.2053	-0.0721	0.1062	0.0130	-0.1620	-0.1316	Control
F1	K8	0.1710	0.1363	0.2199	-0.0831	0.0950	-0.0722	-0.2426	-0.0735	-0.2048	-0.3139	Control
F1	K9	0.1367	0.0665	0.2017	-0.0067	-0.1119	0.2847	-0.4113	0.1010	0.0091	0.0476	Control
